0.01,0.002025
0.013994,0.002025
0.017988,0.002025
0.021982,0.002025
0.025976,0.002025
0.02997,0.002025
0.033964,0.002025
0.037958,0.002025
0.041952,0.002025
0.0459459,0.002025
0.0499399,0.002025
0.0539339,0.002025
0.0579279,0.002025
0.0619219,0.002025
0.0659159,0.002025
0.0699099,0.002025
0.0739039,0.002025
0.0778979,0.002025
0.0818919,0.002025
0.0858859,0.002025
0.0898799,0.002025
0.0938739,0.002025
0.0978679,0.002025
0.101862,0.002025
0.105856,0.002025
0.10985,0.002025
0.113844,0.002025
0.117838,0.002025
0.121832,0.002025
0.125826,0.002025
0.12982,0.002025
0.133814,0.002025
0.137808,0.002025
0.141802,0.002025
0.145796,0.002025
0.14979,0.002025
0.153784,0.002025
0.157778,0.002025
0.161772,0.002025
0.165766,0.002025
0.16976,0.002025
0.173754,0.002025
0.177748,0.002025
0.181742,0.002025
0.185736,0.002025
0.18973,0.002025
0.193724,0.002025
0.197718,0.002025
0.201712,0.002025
0.205706,0.002025
0.2097,0.002025
0.213694,0.002025
0.217688,0.002025
0.221682,0.002025
0.225676,0.002025
0.22967,0.002025
0.233664,0.002025
0.237658,0.002025
0.241652,0.002025
0.245646,0.002025
0.24964,0.002025
0.253634,0.002025
0.257628,0.002025
0.261622,0.002025
0.265616,0.002025
0.26961,0.002025
0.273604,0.002025
0.277598,0.002025
0.281592,0.002025
0.285586,0.002025
0.28958,0.002025
0.293574,0.002025
0.297568,0.002025
0.301562,0.002025
0.305556,0.002025
0.30955,0.002025
0.313544,0.002025
0.317538,0.002025
0.321532,0.002025
0.325526,0.002025
0.32952,0.002025
0.333514,0.002025
0.337508,0.002025
0.341502,0.002025
0.345495,0.002025
0.349489,0.002025
0.353483,0.002025
0.357477,0.002025
0.361471,0.002025
0.365465,0.002025
0.369459,0.002025
0.373453,0.002025
0.377447,0.002025
0.381441,0.002025
0.385435,0.002025
0.389429,0.002025
0.393423,0.002025
0.397417,0.002025
0.401411,0.002025
0.405405,0.002025
0.409399,0.002025
0.413393,0.002025
0.417387,0.002025
0.421381,0.002025
0.425375,0.002025
0.429369,0.002025
0.433363,0.002025
0.437357,0.002025
0.441351,0.002025
0.445345,0.002025
0.449339,0.002025
0.453333,0.002025
0.457327,0.002025
0.461321,0.002025
0.465315,0.002025
0.469309,0.002025
0.473303,0.002025
0.477297,0.002025
0.481291,0.002025
0.485285,0.002025
0.489279,0.002025
0.493273,0.002025
0.497267,0.002025
0.501261,0.002025
0.505255,0.002025
0.509249,0.002025
0.513243,0.002025
0.517237,0.002025
0.521231,0.002025
0.525225,0.002025
0.529219,0.002025
0.533213,0.002025
0.537207,0.002025
0.541201,0.002025
0.545195,0.002025
0.549189,0.002025
0.553183,0.002025
0.557177,0.002025
0.561171,0.002025
0.565165,0.002025
0.569159,0.002025
0.573153,0.002025
0.577147,0.002025
0.581141,0.002025
0.585135,0.002025
0.589129,0.002025
0.593123,0.002025
0.597117,0.002025
0.601111,0.002025
0.605105,0.002025
0.609099,0.002025
0.613093,0.002025
0.617087,0.002025
0.621081,0.002025
0.625075,0.002025
0.629069,0.002025
0.633063,0.002025
0.637057,0.002025
0.641051,0.002025
0.645045,0.002025
0.649039,0.002025
0.653033,0.002025
0.657027,0.002025
0.661021,0.002025
0.665015,0.002025
0.669009,0.002025
0.673003,0.002025
0.676997,0.002025
0.680991,0.002025
0.684985,0.002025
0.688979,0.002025
0.692973,0.002025
0.696967,0.002025
0.700961,0.002025
0.704955,0.002025
0.708949,0.002025
0.712943,0.002025
0.716937,0.002025
0.720931,0.002025
0.724925,0.002025
0.728919,0.002025
0.732913,0.002025
0.736907,0.00202499
0.740901,0.00202499
0.744895,0.00202499
0.748889,0.00202499
0.752883,0.00202499
0.756877,0.00202499
0.760871,0.00202498
0.764865,0.00202498
0.768859,0.00202498
0.772853,0.00202497
0.776847,0.00202497
0.780841,0.00202496
0.784835,0.00202496
0.788829,0.00202495
0.792823,0.00202494
0.796817,0.00202493
0.800811,0.00202492
0.804805,0.00202491
0.808799,0.0020249
0.812793,0.00202488
0.816787,0.00202486
0.820781,0.00202484
0.824775,0.00202482
0.828769,0.00202479
0.832763,0.00202476
0.836757,0.00202473
0.840751,0.00202469
0.844745,0.00202465
0.848739,0.0020246
0.852733,0.00202455
0.856727,0.00202449
0.860721,0.00202443
0.864715,0.00202435
0.868709,0.00202427
0.872703,0.00202418
0.876697,0.00202409
0.880691,0.00202398
0.884685,0.00202385
0.888679,0.00202372
0.892673,0.00202357
0.896667,0.00202341
0.900661,0.00202323
0.904655,0.00202304
0.908649,0.00202282
0.912643,0.00202259
0.916637,0.00202233
0.920631,0.00202205
0.924625,0.00202175
0.928619,0.00202141
0.932613,0.00202105
0.936607,0.00202066
0.940601,0.00202023
0.944595,0.00201976
0.948589,0.00201926
0.952583,0.00201871
0.956577,0.00201812
0.960571,0.00201748
0.964565,0.0020168
0.968559,0.00201605
0.972553,0.00201525
0.976547,0.00201439
0.980541,0.00201346
0.984535,0.00201246
0.988529,0.00201139
0.992523,0.00201024
0.996517,0.00200901
1.00051,0.0020077
1.0045,0.00200629
1.0085,0.00200478
1.01249,0.00200317
1.01649,0.00200145
1.02048,0.00199961
1.02447,0.00199766
1.02847,0.00199558
1.03246,0.00199336
1.03646,0.00199101
1.04045,0.00198851
1.04444,0.00198585
1.04844,0.00198303
1.05243,0.00198005
1.05643,0.00197688
1.06042,0.00197354
1.06441,0.00196999
1.06841,0.00196625
1.0724,0.00196229
1.0764,0.00195811
1.08039,0.00195371
1.08438,0.00194906
1.08838,0.00194417
1.09237,0.00193902
1.09637,0.00193359
1.10036,0.00192789
1.10435,0.0019219
1.10835,0.00191561
1.11234,0.001909
1.11634,0.00190208
1.12033,0.00189482
1.12432,0.00188721
1.12832,0.00187925
1.13231,0.00187092
1.13631,0.00186221
1.1403,0.00185311
1.14429,0.0018436
1.14829,0.00183368
1.15228,0.00182333
1.15628,0.00181254
1.16027,0.00180129
1.16426,0.00178959
1.16826,0.00177741
1.17225,0.00176474
1.17625,0.00175157
1.18024,0.0017379
1.18423,0.0017237
1.18823,0.00170897
1.19222,0.00169369
1.19622,0.00167787
1.20021,0.00166148
1.2042,0.00164452
1.2082,0.00162697
1.21219,0.00160884
1.21619,0.0015901
1.22018,0.00157076
1.22417,0.00155081
1.22817,0.00153023
1.23216,0.00150903
1.23616,0.00148721
1.24015,0.00146474
1.24414,0.00144165
1.24814,0.00141791
1.25213,0.00139354
1.25613,0.00136853
1.26012,0.00134288
1.26411,0.00131661
1.26811,0.0012897
1.2721,0.00126218
1.2761,0.00123404
1.28009,0.00120529
1.28408,0.00117596
1.28808,0.00114604
1.29207,0.00111556
1.29607,0.00108454
1.30006,0.00105299
1.30405,0.00102093
1.30805,0.000988392
1.31204,0.000955402
1.31604,0.000921989
1.32003,0.000888184
1.32402,0.000854025
1.32802,0.000819549
1.33201,0.000784799
1.33601,0.00074982
1.34,0.00071466
1.34399,0.000679372
1.34799,0.000644013
1.35198,0.000608643
1.35598,0.000573327
1.35997,0.000538133
1.36396,0.000503135
1.36796,0.00046841
1.37195,0.000434042
1.37595,0.000400119
1.37994,0.000366733
1.38393,0.000333983
1.38793,0.000301973
1.39192,0.000270814
1.39592,0.000240619
1.39991,0.000211513
1.4039,0.000183623
1.4079,0.000157083
1.41189,0.000132036
1.41589,0.000108631
1.41988,8.7023e-05
1.42387,6.73761e-05
1.42787,4.98614e-05
1.43186,3.4658e-05
1.43586,2.19531e-05
1.43985,1.19424e-05
1.44384,4.83036e-06
1.44784,8.30053e-07
1.45183,1.6389e-07
1.45583,3.06362e-06
1.45982,9.77066e-06
1.46381,2.05363e-05
1.46781,3.56221e-05
1.4718,5.52998e-05
1.4758,7.98523e-05
1.47979,0.000109573
1.48378,0.000144767
1.48778,0.00018575
1.49177,0.000232851
1.49577,0.00028641
1.49976,0.00034678
1.50375,0.000414326
1.50775,0.000489427
1.51174,0.000572473
1.51574,0.000663871
1.51973,0.000764038
1.52372,0.000873409
1.52772,0.000992431
1.53171,0.00112157
1.53571,0.00126129
1.5397,0.0014121
1.54369,0.00157451
1.54769,0.00174902
1.55168,0.0019362
1.55568,0.00213659
1.55967,0.00235078
1.56366,0.00257934
1.56766,0.00282289
1.57165,0.00308207
1.57565,0.00335751
1.57964,0.00364987
1.58363,0.00395985
1.58763,0.00428815
1.59162,0.00463548
1.59562,0.00500259
1.59961,0.00539023
1.6036,0.00579921
1.6076,0.00623031
1.61159,0.00668436
1.61559,0.00716221
1.61958,0.00766473
1.62357,0.00819281
1.62757,0.00874736
1.63156,0.00932932
1.63556,0.00993964
1.63955,0.0105793
1.64354,0.0112494
1.64754,0.0119508
1.65153,0.0126846
1.65553,0.013452
1.65952,0.0142541
1.66351,0.0150919
1.66751,0.0159666
1.6715,0.0168794
1.6755,0.0178316
1.67949,0.0188243
1.68348,0.0198588
1.68748,0.0209364
1.69147,0.0220585
1.69547,0.0232264
1.69946,0.0244414
1.70345,0.025705
1.70745,0.0270186
1.71144,0.0283836
1.71544,0.0298017
1.71943,0.0312742
1.72342,0.0328028
1.72742,0.034389
1.73141,0.0360344
1.73541,0.0377408
1.7394,0.0395097
1.74339,0.0413429
1.74739,0.0432422
1.75138,0.0452093
1.75538,0.047246
1.75937,0.0493542
1.76336,0.0515358
1.76736,0.0537926
1.77135,0.0561266
1.77535,0.0585399
1.77934,0.0610343
1.78333,0.063612
1.78733,0.066275
1.79132,0.0690256
1.79532,0.0718657
1.79931,0.0747976
1.8033,0.0778237
1.8073,0.080946
1.81129,0.0841669
1.81529,0.0874888
1.81928,0.090914
1.82327,0.094445
1.82727,0.0980842
1.83126,0.101834
1.83526,0.105697
1.83925,0.109676
1.84324,0.113773
1.84724,0.117992
1.85123,0.122334
1.85523,0.126803
1.85922,0.1314
1.86321,0.13613
1.86721,0.140995
1.8712,0.145997
1.8752,0.151141
1.87919,0.156427
1.88318,0.161861
1.88718,0.167444
1.89117,0.17318
1.89517,0.179072
1.89916,0.185123
1.90315,0.191337
1.90715,0.197716
1.91114,0.204264
1.91514,0.210984
1.91913,0.21788
1.92312,0.224954
1.92712,0.232212
1.93111,0.239655
1.93511,0.247288
1.9391,0.255114
1.94309,0.263137
1.94709,0.271361
1.95108,0.279789
1.95508,0.288425
1.95907,0.297272
1.96306,0.306336
1.96706,0.315619
1.97105,0.325125
1.97505,0.33486
1.97904,0.344826
1.98303,0.355027
1.98703,0.365469
1.99102,0.376154
1.99502,0.387088
1.99901,0.398274
2.003,0.409717
2.007,0.421421
2.01099,0.433391
2.01498,0.44563
2.01898,0.458145
2.02297,0.470938
2.02697,0.484015
2.03096,0.49738
2.03495,0.511038
2.03895,0.524994
2.04294,0.539252
2.04694,0.553817
2.05093,0.568695
2.05492,0.583889
2.05892,0.599405
2.06291,0.615248
2.06691,0.631424
2.0709,0.647936
2.07489,0.66479
2.07889,0.681992
2.08288,0.699546
2.08688,0.717458
2.09087,0.735734
2.09486,0.754378
2.09886,0.773395
2.10285,0.792792
2.10685,0.812574
2.11084,0.832746
2.11483,0.853315
2.11883,0.874284
2.12282,0.895662
2.12682,0.917452
2.13081,0.939661
2.1348,0.962294
2.1388,0.985358
2.14279,1.00886
2.14679,1.0328
2.15078,1.05719
2.15477,1.08204
2.15877,1.10734
2.16276,1.13311
2.16676,1.15936
2.17075,1.18608
2.17474,1.21329
2.17874,1.24099
2.18273,1.26919
2.18673,1.29789
2.19072,1.32711
2.19471,1.35684
2.19871,1.38709
2.2027,1.41788
2.2067,1.4492
2.21069,1.48106
2.21468,1.51348
2.21868,1.54645
2.22267,1.57998
2.22667,1.61409
2.23066,1.64877
2.23465,1.68404
2.23865,1.7199
2.24264,1.75636
2.24664,1.79342
2.25063,1.8311
2.25462,1.8694
2.25862,1.90832
2.26261,1.94787
2.26661,1.98807
2.2706,2.02892
2.27459,2.07042
2.27859,2.11259
2.28258,2.15542
2.28658,2.19894
2.29057,2.24314
2.29456,2.28803
2.29856,2.33362
2.30255,2.37993
2.30655,2.42695
2.31054,2.47469
2.31453,2.52316
2.31853,2.57238
2.32252,2.62234
2.32652,2.67305
2.33051,2.72453
2.3345,2.77678
2.3385,2.82981
2.34249,2.88362
2.34649,2.93823
2.35048,2.99365
2.35447,3.04987
2.35847,3.10692
2.36246,3.16479
2.36646,3.22349
2.37045,3.28305
2.37444,3.34345
2.37844,3.40471
2.38243,3.46685
2.38643,3.52986
2.39042,3.59376
2.39441,3.65855
2.39841,3.72425
2.4024,3.79085
2.4064,3.85838
2.41039,3.92684
2.41438,3.99623
2.41838,4.06657
2.42237,4.13787
2.42637,4.21012
2.43036,4.28336
2.43435,4.35757
2.43835,4.43277
2.44234,4.50898
2.44634,4.58619
2.45033,4.66442
2.45432,4.74367
2.45832,4.82396
2.46231,4.9053
2.46631,4.98769
2.4703,5.07114
2.47429,5.15566
2.47829,5.24127
2.48228,5.32796
2.48628,5.41576
2.49027,5.50466
2.49426,5.59468
2.49826,5.68583
2.50225,5.77812
2.50625,5.87155
2.51024,5.96614
2.51423,6.0619
2.51823,6.15882
2.52222,6.25694
2.52622,6.35625
2.53021,6.45676
2.5342,6.55848
2.5382,6.66143
2.54219,6.76561
2.54619,6.87103
2.55018,6.9777
2.55417,7.08564
2.55817,7.19485
2.56216,7.30534
2.56616,7.41712
2.57015,7.5302
2.57414,7.64459
2.57814,7.7603
2.58213,7.87735
2.58613,7.99573
2.59012,8.11547
2.59411,8.23656
2.59811,8.35903
2.6021,8.48288
2.6061,8.60812
2.61009,8.73476
2.61408,8.86281
2.61808,8.99228
2.62207,9.12319
2.62607,9.25553
2.63006,9.38933
2.63405,9.52459
2.63805,9.66133
2.64204,9.79954
2.64604,9.93925
2.65003,10.0805
2.65402,10.2232
2.65802,10.3674
2.66201,10.5132
2.66601,10.6606
2.67,10.8094
2.67399,10.9599
2.67799,11.1119
2.68198,11.2655
2.68598,11.4208
2.68997,11.5776
2.69396,11.736
2.69796,11.8961
2.70195,12.0578
2.70595,12.2212
2.70994,12.3862
2.71393,12.5529
2.71793,12.7212
2.72192,12.8913
2.72592,13.0631
2.72991,13.2366
2.7339,13.4118
2.7379,13.5887
2.74189,13.7674
2.74589,13.9479
2.74988,14.1301
2.75387,14.3141
2.75787,14.4999
2.76186,14.6874
2.76586,14.8768
2.76985,15.0681
2.77384,15.2611
2.77784,15.456
2.78183,15.6528
2.78583,15.8514
2.78982,16.0519
2.79381,16.2543
2.79781,16.4586
2.8018,16.6648
2.8058,16.8729
2.80979,17.0829
2.81378,17.2949
2.81778,17.5088
2.82177,17.7247
2.82577,17.9426
2.82976,18.1625
2.83375,18.3844
2.83775,18.6082
2.84174,18.8341
2.84574,19.0621
2.84973,19.292
2.85372,19.5241
2.85772,19.7582
2.86171,19.9943
2.86571,20.2326
2.8697,20.4729
2.87369,20.7154
2.87769,20.96
2.88168,21.2067
2.88568,21.4555
2.88967,21.7065
2.89366,21.9597
2.89766,22.215
2.90165,22.4726
2.90565,22.7323
2.90964,22.9943
2.91363,23.2584
2.91763,23.5248
2.92162,23.7935
2.92562,24.0644
2.92961,24.3375
2.9336,24.613
2.9376,24.8907
2.94159,25.1707
2.94559,25.4531
2.94958,25.7377
2.95357,26.0247
2.95757,26.3141
2.96156,26.6057
2.96556,26.8998
2.96955,27.1963
2.97354,27.4951
2.97754,27.7963
2.98153,28.1
2.98553,28.4061
2.98952,28.7146
2.99351,29.0255
2.99751,29.3389
3.0015,29.6548
3.0055,29.9732
3.00949,30.294
3.01348,30.6174
3.01748,30.9433
3.02147,31.2717
3.02547,31.6026
3.02946,31.9361
3.03345,32.2722
3.03745,32.6108
3.04144,32.952
3.04544,33.2958
3.04943,33.6422
3.05342,33.9912
3.05742,34.3429
3.06141,34.6972
3.06541,35.0541
3.0694,35.4137
3.07339,35.776
3.07739,36.141
3.08138,36.5086
3.08538,36.879
3.08937,37.2521
3.09336,37.6279
3.09736,38.0065
3.10135,38.3878
3.10535,38.7719
3.10934,39.1587
3.11333,39.5484
3.11733,39.9408
3.12132,40.3361
3.12532,40.7341
3.12931,41.135
3.1333,41.5388
3.1373,41.9454
3.14129,42.3549
3.14529,42.7672
3.14928,43.1825
3.15327,43.6006
3.15727,44.0217
3.16126,44.4456
3.16526,44.8726
3.16925,45.3024
3.17324,45.7352
3.17724,46.171
3.18123,46.6098
3.18523,47.0515
3.18922,47.4963
3.19321,47.9441
3.19721,48.3948
3.2012,48.8487
3.2052,49.3056
3.20919,49.7655
3.21318,50.2285
3.21718,50.6946
3.22117,51.1638
3.22517,51.6361
3.22916,52.1115
3.23315,52.59
3.23715,53.0716
3.24114,53.5564
3.24514,54.0444
3.24913,54.5356
3.25312,55.0299
3.25712,55.5274
3.26111,56.0281
3.26511,56.5321
3.2691,57.0392
3.27309,57.5496
3.27709,58.0633
3.28108,58.5802
3.28508,59.1004
3.28907,59.6238
3.29306,60.1506
3.29706,60.6806
3.30105,61.214
3.30505,61.7507
3.30904,62.2908
3.31303,62.8342
3.31703,63.3809
3.32102,63.931
3.32502,64.4845
3.32901,65.0414
3.333,65.6017
3.337,66.1654
3.34099,66.7326
3.34498,67.3032
3.34898,67.8772
3.35297,68.4547
3.35697,69.0356
3.36096,69.6201
3.36495,70.208
3.36895,70.7994
3.37294,71.3944
3.37694,71.9928
3.38093,72.5948
3.38492,73.2004
3.38892,73.8095
3.39291,74.4222
3.39691,75.0384
3.4009,75.6583
3.40489,76.2817
3.40889,76.9088
3.41288,77.5395
3.41688,78.1738
3.42087,78.8118
3.42486,79.4534
3.42886,80.0987
3.43285,80.7476
3.43685,81.4003
3.44084,82.0566
3.44483,82.7167
3.44883,83.3804
3.45282,84.0479
3.45682,84.7192
3.46081,85.3942
3.4648,86.0729
3.4688,86.7554
3.47279,87.4418
3.47679,88.1319
3.48078,88.8258
3.48477,89.5235
3.48877,90.2251
3.49276,90.9305
3.49676,91.6397
3.50075,92.3528
3.50474,93.0697
3.50874,93.7906
3.51273,94.5153
3.51673,95.244
3.52072,95.9765
3.52471,96.713
3.52871,97.4534
3.5327,98.1977
3.5367,98.946
3.54069,99.6982
3.54468,100.454
3.54868,101.215
3.55267,101.979
3.55667,102.747
3.56066,103.519
3.56465,104.296
3.56865,105.076
3.57264,105.86
3.57664,106.649
3.58063,107.441
3.58462,108.238
3.58862,109.038
3.59261,109.843
3.59661,110.652
3.6006,111.465
3.60459,112.282
3.60859,113.103
3.61258,113.928
3.61658,114.758
3.62057,115.591
3.62456,116.429
3.62856,117.271
3.63255,118.118
3.63655,118.968
3.64054,119.823
3.64453,120.682
3.64853,121.545
3.65252,122.412
3.65652,123.284
3.66051,124.16
3.6645,125.04
3.6685,125.925
3.67249,126.813
3.67649,127.706
3.68048,128.604
3.68447,129.506
3.68847,130.412
3.69246,131.322
3.69646,132.237
3.70045,133.156
3.70444,134.08
3.70844,135.008
3.71243,135.94
3.71643,136.877
3.72042,137.818
3.72441,138.763
3.72841,139.713
3.7324,140.668
3.7364,141.627
3.74039,142.59
3.74438,143.558
3.74838,144.531
3.75237,145.507
3.75637,146.489
3.76036,147.475
3.76435,148.465
3.76835,149.46
3.77234,150.459
3.77634,151.464
3.78033,152.472
3.78432,153.485
3.78832,154.503
3.79231,155.525
3.79631,156.552
3.8003,157.584
3.80429,158.62
3.80829,159.661
3.81228,160.706
3.81628,161.756
3.82027,162.811
3.82426,163.871
3.82826,164.935
3.83225,166.004
3.83625,167.077
3.84024,168.155
3.84423,169.238
3.84823,170.326
3.85222,171.418
3.85622,172.515
3.86021,173.617
3.8642,174.724
3.8682,175.835
3.87219,176.951
3.87619,178.072
3.88018,179.198
3.88417,180.328
3.88817,181.464
3.89216,182.604
3.89616,183.749
3.90015,184.899
3.90414,186.054
3.90814,187.213
3.91213,188.378
3.91613,189.547
3.92012,190.721
3.92411,191.9
3.92811,193.084
3.9321,194.273
3.9361,195.467
3.94009,196.666
3.94408,197.869
3.94808,199.078
3.95207,200.292
3.95607,201.51
3.96006,202.734
3.96405,203.963
3.96805,205.196
3.97204,206.435
3.97604,207.678
3.98003,208.927
3.98402,210.18
3.98802,211.439
3.99201,212.703
3.99601,213.972
4,215.245
