0,100
0.010101,100.039
0.020202,100.095
0.030303,100.469
0.040404,100.385
0.0505051,100.723
0.0606061,101.475
0.0707071,101.093
0.0808081,101.094
0.0909091,100.944
0.10101,101.353
0.111111,101.48
0.121212,101.06
0.131313,101.061
0.141414,100.211
0.151515,100.012
0.161616,101.313
0.171717,102.459
0.181818,102.798
0.191919,102.764
0.20202,102.012
0.212121,102.976
0.222222,103.766
0.232323,103.208
0.242424,103.131
0.252525,102.556
0.262626,102.379
0.272727,103.486
0.282828,102.758
0.292929,103.194
0.30303,103.891
0.313131,103.847
0.323232,103.116
0.333333,103.44
0.343434,103.013
0.353535,102.455
0.363636,102.951
0.373737,103.324
0.383838,102.789
0.393939,102.76
0.40404,102.429
0.414141,101.843
0.424242,102.634
0.434343,103.114
0.444444,103.622
0.454545,103.912
0.464646,104.318
0.474747,103.798
0.484848,104.245
0.494949,104.294
0.505051,103.333
0.515152,102.695
0.525253,102.02
0.535354,101.855
0.545455,101.816
0.555556,102.538
0.565657,102.944
0.575758,102.442
0.585859,102.375
0.59596,102.477
0.606061,102.219
0.616162,102.106
0.626263,102.412
0.636364,102.615
0.646465,102.05
0.656566,101.641
0.666667,101.858
0.676768,101.681
0.686869,100.482
0.69697,100.424
0.707071,100.084
0.717172,99.6658
0.727273,100.114
0.737374,99.7117
0.747475,100.063
0.757576,99.7995
0.767677,100.869
0.777778,100.333
0.787879,99.7797
0.79798,99.5496
0.808081,99.381
0.818182,99.3047
0.828283,99.9701
0.838384,99.7804
0.848485,99.1787
0.858586,98.7208
0.868687,98.6028
0.878788,98.9872
0.888889,99.2159
0.89899,100.226
0.909091,101.4
0.919192,101.352
0.929293,101.232
0.939394,100.908
0.949495,101.264
0.959596,101.486
0.969697,101.855
0.979798,101.186
0.989899,101.685
1,100.873
